{
 "cells": [
  {
   "cell_type": "markdown",
   "id": "abd8da60",
   "metadata": {},
   "source": [
    "(sec:orbitals)=\n",
    "# Orbitals and basis sets\n",
    "\n",
    "## Electronic wave functions and molecular orbitals\n",
    "\n",
    "State vectors representing single-electron systems reside in a Hilbert space formed as a direct product\n",
    "\n",
    "$$\n",
    "\\mathcal{V} = \n",
    "\\mathcal{V}^\\mathrm{o} \\otimes \n",
    "\\mathcal{V}^\\mathrm{c} \\otimes \n",
    "\\mathcal{V}^\\mathrm{s}\n",
    "$$\n",
    "\n",
    "The underlying vector spaces are associated with orbital, charge, and spin degrees of freedom. The elements of $\\mathcal{V}$ can be expressed in terms of\n",
    "\n",
    "$$\n",
    "\\psi^{\\mathrm{L}\\alpha}(\\mathbf{r},t) \n",
    "\\otimes\n",
    "\\begin{pmatrix}\n",
    "1\\\\0\n",
    "\\end{pmatrix}\n",
    "\\otimes\n",
    "\\begin{pmatrix}\n",
    "1\\\\0\n",
    "\\end{pmatrix}; \\quad\n",
    "\\psi^{\\mathrm{L}\\beta}(\\mathbf{r},t) \n",
    "\\otimes\n",
    "\\begin{pmatrix}\n",
    "1\\\\0\n",
    "\\end{pmatrix}\n",
    "\\otimes\n",
    "\\begin{pmatrix}\n",
    "0\\\\1\n",
    "\\end{pmatrix} \n",
    "$$\n",
    "\n",
    "$$\n",
    "\\psi^{\\mathrm{S}\\alpha}(\\mathbf{r},t) \n",
    "\\otimes\n",
    "\\begin{pmatrix}\n",
    "0\\\\1\n",
    "\\end{pmatrix}\n",
    "\\otimes\n",
    "\\begin{pmatrix}\n",
    "1\\\\0\n",
    "\\end{pmatrix} ; \\quad\n",
    "\\psi^{\\mathrm{S}\\beta}(\\mathbf{r},t) \n",
    "\\otimes\n",
    "\\begin{pmatrix}\n",
    "0\\\\1\n",
    "\\end{pmatrix}\n",
    "\\otimes\n",
    "\\begin{pmatrix}\n",
    "0\\\\1\n",
    "\\end{pmatrix} \n",
    "$$\n",
    "\n",
    "with a sum that equals a general wave function for a single-electron system, also known as a spinor,\n",
    "\n",
    "$$\n",
    "\\psi(\\mathbf{r},t) =\n",
    "\\begin{pmatrix}\n",
    "\\psi^{\\mathrm{L}\\alpha} \\\\\n",
    "\\psi^{\\mathrm{L}\\beta} \\\\\n",
    "\\psi^{\\mathrm{S}\\alpha} \\\\\n",
    "\\psi^{\\mathrm{S}\\beta} \n",
    "\\end{pmatrix}\n",
    "$$\n",
    "\n",
    "In this general case, the particle density becomes\n",
    "\n",
    "$$\n",
    "n(\\mathbf{r},t) = \n",
    "\\psi^\\dagger \\psi =\n",
    "\\sum_\\mathrm{c}^{\\mathrm{L,S}}\n",
    "\\sum_\\sigma^{\\alpha,\\beta}\n",
    "\\left|\n",
    "\\psi^{\\mathrm{c}\\sigma}(\\mathbf{r},t) \n",
    "\\right|^2\n",
    "$$\n",
    "\n",
    "Spinor components $\\psi^{\\mathrm{S}\\alpha}$ and $\\psi^{\\mathrm{S}\\beta}$ are small and sometimes ignored, reducing the electronic wave function to its two-component form\n",
    "\n",
    "$$\n",
    "\\psi(\\mathbf{r},t) =\n",
    "\\begin{pmatrix}\n",
    "\\psi^{\\mathrm{L}\\alpha} \\\\\n",
    "\\psi^{\\mathrm{L}\\beta}\n",
    "\\end{pmatrix}\n",
    "$$\n",
    "\n",
    "For a system described by a spin-independent Hamiltonian, the spatial and spin degrees of freedom are separable and we arrive at (suppressing the time variable) single-electron wave functions, or spin orbitals, of the form\n",
    "\n",
    "$$\n",
    "\\psi(\\mathbf{r}) =\n",
    "\\phi(\\mathbf{r}) \\sigma ; \\quad\n",
    "\\sigma = c_\\alpha\n",
    "\\begin{pmatrix}\n",
    "1 \\\\\n",
    "0\n",
    "\\end{pmatrix}\n",
    "+\n",
    "c_\\beta\n",
    "\\begin{pmatrix}\n",
    "0 \\\\\n",
    "1\n",
    "\\end{pmatrix}\n",
    "$$\n",
    "\n",
    "In the collinear approximation, all spin orbitals are eigenfunctions of the spin operator $\\hat{s}_z$ such that every spatial function (or molecular orbital), $\\phi(\\mathbf{r})$, gives rise to two spin orbitals\n",
    "\n",
    "$$\n",
    "\\psi_{p}(\\mathbf{r}) = \\phi_p(\\mathbf{r})\n",
    "\\begin{pmatrix}\n",
    "1 \\\\\n",
    "0\n",
    "\\end{pmatrix} ; \\quad\n",
    "\\psi_{\\bar{p}}(\\mathbf{r}) = \\phi_p(\\mathbf{r})\n",
    "\\begin{pmatrix}\n",
    "0 \\\\\n",
    "1\n",
    "\\end{pmatrix}\n",
    "$$\n",
    "\n",
    "referred to as $\\alpha$- and $\\beta$-spin orbitals, respectively."
   ]
  },
  {
   "cell_type": "markdown",
   "id": "42d83138",
   "metadata": {},
   "source": [
    "(sec:lcao)=\n",
    "### Linear combination of atomic orbitals\n",
    "In quantum chemistry, molecular orbitals (MOs) are normally expanded in a set of atom-centered basis functions, or localized atomic orbitals (AOs)\n",
    "\n",
    "$$\n",
    "\\phi_p(\\mathbf{r}) =\n",
    "\\sum_\\alpha\n",
    "c_{\\alpha p} \\chi_\\alpha(\\mathbf{r} - \\mathbf{R}_\\alpha)\n",
    "$$\n",
    "\n",
    "where $\\mathbf{R}_\\alpha$ denotes the atomic position center of basis function $\\chi_\\alpha$, and the expansion coefficients $c_{\\alpha a}$ are known as molecular orbital (MO) coefficients. Using the Dirac notation, this linear combination of atomic orbitals (LCAO) expansion takes the form\n",
    "\n",
    "$$\n",
    "| \\phi_p \\rangle =\n",
    "\\sum_\\alpha\n",
    "| \\chi_\\alpha \\rangle c_{\\alpha p}\n",
    "$$\n",
    "\n",
    "It can be convenient to collect the set of MOs (and AOs) as a row vector and introduce a notation\n",
    "\n",
    "$$\n",
    "| \\overline{\\phi} \\rangle = (\\ldots, | \\phi_p \\rangle, \\ldots)\n",
    "$$\n",
    "\n",
    "The LCAO expansion for the entire set of MOs can then be compactly written as\n",
    "\n",
    "$$\n",
    "| \\overline{\\phi} \\rangle = | \\overline{\\chi} \\rangle \\mathbf{C}\n",
    "$$\n",
    "\n",
    "where $\\mathbf{C}$ is the MO coefficient matrix."
   ]
  },
  {
   "cell_type": "code",
   "execution_count": 1,
   "id": "62b4251e",
   "metadata": {
    "scrolled": true,
    "tags": [
     "remove-output"
    ]
   },
   "outputs": [
    {
     "name": "stdout",
     "output_type": "stream",
     "text": [
      "* Warning * Environment variable OMP_NUM_THREADS not set.\n",
      "* Warning * Setting OMP_NUM_THREADS to 6.\n",
      "* Info * Reading basis set from file: /opt/miniconda3/envs/echem/lib/python3.9/site-packages/veloxchem/basis/STO-3G       \n",
      "                                                                                                                          \n",
      "                                              Molecular Basis (Atomic Basis)                                              \n",
      "                                             ================================                                             \n",
      "                                                                                                                          \n",
      "                                  Basis: STO-3G                                                                           \n",
      "                                                                                                                          \n",
      "                                  Atom Contracted GTOs          Primitive GTOs                                            \n",
      "                                                                                                                          \n",
      "                                   O   (2S,1P)                  (6S,3P)                                                   \n",
      "                                   C   (2S,1P)                  (6S,3P)                                                   \n",
      "                                                                                                                          \n",
      "                                  Contracted Basis Functions : 10                                                         \n",
      "                                  Primitive Basis Functions  : 30                                                         \n",
      "                                                                                                                          \n",
      "                                                                                                                          \n",
      "                                            Self Consistent Field Driver Setup                                            \n",
      "                                           ====================================                                           \n",
      "                                                                                                                          \n",
      "                   Wave Function Model             : Spin-Restricted Hartree-Fock                                         \n",
      "                   Initial Guess Model             : Superposition of Atomic Densities                                    \n",
      "                   Convergence Accelerator         : Two Level Direct Inversion of Iterative Subspace                     \n",
      "                   Max. Number of Iterations       : 50                                                                   \n",
      "                   Max. Number of Error Vectors    : 10                                                                   \n",
      "                   Convergence Threshold           : 1.0e-06                                                              \n",
      "                   ERI Screening Scheme            : Cauchy Schwarz + Density                                             \n",
      "                   ERI Screening Mode              : Dynamic                                                              \n",
      "                   ERI Screening Threshold         : 1.0e-12                                                              \n",
      "                   Linear Dependence Threshold     : 1.0e-06                                                              \n",
      "                                                                                                                          \n",
      "* Info * Nuclear repulsion energy: 17.7625916946 a.u.                                                                     \n",
      "                                                                                                                          \n",
      "* Info * Overlap matrix computed in 0.00 sec.                                                                             \n",
      "                                                                                                                          \n",
      "* Info * Kinetic energy matrix computed in 0.00 sec.                                                                      \n",
      "                                                                                                                          \n",
      "* Info * Nuclear potential matrix computed in 0.00 sec.                                                                   \n",
      "                                                                                                                          \n",
      "* Info * Orthogonalization matrix computed in 0.00 sec.                                                                   \n",
      "                                                                                                                          \n",
      "* Info * SAD initial guess computed in 0.00 sec.                                                                          \n",
      "                                                                                                                          \n",
      "* Info * Starting Reduced Basis SCF calculation...                                                                        \n",
      "* Info * ...done. SCF energy in reduced basis set: -111.093515650240 a.u. Time: 0.02 sec.                                 \n",
      "                                                                                                                          \n",
      "* Info * Overlap matrix computed in 0.00 sec.                                                                             \n",
      "                                                                                                                          \n",
      "* Info * Kinetic energy matrix computed in 0.00 sec.                                                                      \n",
      "                                                                                                                          \n",
      "* Info * Nuclear potential matrix computed in 0.00 sec.                                                                   \n",
      "                                                                                                                          \n",
      "* Info * Orthogonalization matrix computed in 0.00 sec.                                                                   \n",
      "                                                                                                                          \n",
      "                                                                                                                          \n",
      "               Iter. | Hartree-Fock Energy | Energy Change | Gradient Norm | Max. Gradient | Density Change               \n",
      "               --------------------------------------------------------------------------------------------               \n",
      "                  1      -111.093592605230    0.0000000000      0.00096613      0.00022146      0.00000000                \n",
      "                  2      -111.093592763320   -0.0000001581      0.00034770      0.00008170      0.00038874                \n",
      "                  3      -111.093592813536   -0.0000000502      0.00003409      0.00000793      0.00047216                \n",
      "                  4      -111.093592813733   -0.0000000002      0.00000082      0.00000019      0.00001785                \n",
      "                                                                                                                          \n",
      "               *** SCF converged in 4 iterations. Time: 0.01 sec.                                                         \n",
      "                                                                                                                          \n",
      "               Spin-Restricted Hartree-Fock:                                                                              \n",
      "               -----------------------------                                                                              \n",
      "               Total Energy                       :     -111.0935928137 a.u.                                              \n",
      "               Electronic Energy                  :     -128.8561845084 a.u.                                              \n",
      "               Nuclear Repulsion Energy           :       17.7625916946 a.u.                                              \n",
      "               ------------------------------------                                                                       \n",
      "               Gradient Norm                      :        0.0000008155 a.u.                                              \n",
      "                                                                                                                          \n",
      "                                                                                                                          \n",
      "               Ground State Information                                                                                   \n",
      "               ------------------------                                                                                   \n",
      "               Charge of Molecule            :  0.0                                                                       \n",
      "               Multiplicity (2S+1)           :  1.0                                                                       \n",
      "               Magnetic Quantum Number (M_S) :  0.0                                                                       \n",
      "                                                                                                                          \n",
      "                                                                                                                          \n",
      "                                                 Spin Restricted Orbitals                                                 \n",
      "                                                 ------------------------                                                 \n",
      "                                                                                                                          \n",
      "               Molecular Orbital No.   3:                                                                                 \n",
      "               --------------------------                                                                                 \n",
      "               Occupation: 2.000 Energy:   -1.24352 a.u.                                                                  \n",
      "               (   1 C   2s  :     0.26) (   2 O   1s  :    -0.23) (   2 O   2s  :     0.86)                              \n",
      "                                                                                                                          \n",
      "               Molecular Orbital No.   4:                                                                                 \n",
      "               --------------------------                                                                                 \n",
      "               Occupation: 2.000 Energy:   -0.67271 a.u.                                                                  \n",
      "               (   1 C   1s  :     0.23) (   1 C   2s  :    -0.84) (   2 O   2s  :     0.53)                              \n",
      "               (   2 O   1p0 :     0.38)                                                                                  \n",
      "                                                                                                                          \n",
      "               Molecular Orbital No.   5:                                                                                 \n",
      "               --------------------------                                                                                 \n",
      "               Occupation: 2.000 Energy:   -0.40554 a.u.                                                                  \n",
      "               (   1 C   2s  :     0.47) (   1 C   1p0 :    -0.62) (   2 O   2s  :     0.20)                              \n",
      "               (   2 O   1p0 :     0.58)                                                                                  \n",
      "                                                                                                                          \n",
      "               Molecular Orbital No.   6:                                                                                 \n",
      "               --------------------------                                                                                 \n",
      "               Occupation: 2.000 Energy:   -0.39039 a.u.                                                                  \n",
      "               (   1 C   1p+1:     0.28) (   1 C   1p-1:     0.32) (   2 O   1p+1:     0.56)                              \n",
      "               (   2 O   1p-1:     0.64)                                                                                  \n",
      "                                                                                                                          \n",
      "               Molecular Orbital No.   7:                                                                                 \n",
      "               --------------------------                                                                                 \n",
      "               Occupation: 2.000 Energy:   -0.39039 a.u.                                                                  \n",
      "               (   1 C   1p+1:     0.32) (   1 C   1p-1:    -0.28) (   2 O   1p+1:     0.64)                              \n",
      "               (   2 O   1p-1:    -0.56)                                                                                  \n",
      "                                                                                                                          \n",
      "               Molecular Orbital No.   8:                                                                                 \n",
      "               --------------------------                                                                                 \n",
      "               Occupation: 0.000 Energy:    0.21340 a.u.                                                                  \n",
      "               (   1 C   1p-1:     0.91) (   2 O   1p-1:    -0.55)                                                        \n",
      "                                                                                                                          \n",
      "               Molecular Orbital No.   9:                                                                                 \n",
      "               --------------------------                                                                                 \n",
      "               Occupation: 0.000 Energy:    0.21340 a.u.                                                                  \n",
      "               (   1 C   1p+1:     0.91) (   2 O   1p+1:    -0.55)                                                        \n",
      "                                                                                                                          \n",
      "               Molecular Orbital No.  10:                                                                                 \n",
      "               --------------------------                                                                                 \n",
      "               Occupation: 0.000 Energy:    0.62001 a.u.                                                                  \n",
      "               (   1 C   2s  :    -0.54) (   1 C   1p0 :    -0.94) (   2 O   2s  :     0.55)                              \n",
      "               (   2 O   1p0 :    -0.85)                                                                                  \n",
      "                                                                                                                          \n"
     ]
    },
    {
     "data": {
      "text/plain": [
       "{'S': array([[ 1.00000000e+00,  2.48362397e-01,  1.08252636e-08,\n",
       "          1.70351203e-02,  0.00000000e+00,  0.00000000e+00,\n",
       "          0.00000000e+00, -3.07843987e-02,  0.00000000e+00,\n",
       "          0.00000000e+00],\n",
       "        [ 2.48362397e-01,  1.00000000e+00,  2.19600200e-02,\n",
       "          2.55024123e-01,  0.00000000e+00,  0.00000000e+00,\n",
       "          0.00000000e+00, -2.50650096e-01,  0.00000000e+00,\n",
       "          0.00000000e+00],\n",
       "        [ 1.08252636e-08,  2.19600200e-02,  1.00000000e+00,\n",
       "          2.36703921e-01,  0.00000000e+00,  0.00000000e+00,\n",
       "          3.64974256e-02,  0.00000000e+00,  0.00000000e+00,\n",
       "          0.00000000e+00],\n",
       "        [ 1.70351203e-02,  2.55024123e-01,  2.36703921e-01,\n",
       "          1.00000000e+00,  0.00000000e+00,  0.00000000e+00,\n",
       "          3.37456619e-01,  0.00000000e+00,  0.00000000e+00,\n",
       "          0.00000000e+00],\n",
       "        [ 0.00000000e+00,  0.00000000e+00,  0.00000000e+00,\n",
       "          0.00000000e+00,  1.00000000e+00,  1.32439672e-01,\n",
       "          0.00000000e+00,  0.00000000e+00,  0.00000000e+00,\n",
       "          0.00000000e+00],\n",
       "        [ 0.00000000e+00,  0.00000000e+00,  0.00000000e+00,\n",
       "          0.00000000e+00,  1.32439672e-01,  1.00000000e+00,\n",
       "          0.00000000e+00,  0.00000000e+00,  0.00000000e+00,\n",
       "          0.00000000e+00],\n",
       "        [ 0.00000000e+00,  0.00000000e+00,  3.64974256e-02,\n",
       "          3.37456619e-01,  0.00000000e+00,  0.00000000e+00,\n",
       "          1.00000000e+00, -2.84725551e-01,  0.00000000e+00,\n",
       "          0.00000000e+00],\n",
       "        [-3.07843987e-02, -2.50650096e-01,  0.00000000e+00,\n",
       "          0.00000000e+00,  0.00000000e+00,  0.00000000e+00,\n",
       "         -2.84725551e-01,  1.00000000e+00,  0.00000000e+00,\n",
       "          0.00000000e+00],\n",
       "        [ 0.00000000e+00,  0.00000000e+00,  0.00000000e+00,\n",
       "          0.00000000e+00,  0.00000000e+00,  0.00000000e+00,\n",
       "          0.00000000e+00,  0.00000000e+00,  1.00000000e+00,\n",
       "          1.32439672e-01],\n",
       "        [ 0.00000000e+00,  0.00000000e+00,  0.00000000e+00,\n",
       "          0.00000000e+00,  0.00000000e+00,  0.00000000e+00,\n",
       "          0.00000000e+00,  0.00000000e+00,  1.32439672e-01,\n",
       "          1.00000000e+00]]),\n",
       " 'C_alpha': array([[-5.21046950e-04, -9.93965299e-01, -9.13947823e-02,\n",
       "          2.27855449e-01, -1.08793929e-01,  1.53969478e-15,\n",
       "         -4.70603833e-16, -3.17724855e-17, -3.46194152e-16,\n",
       "          1.04858462e-01],\n",
       "        [ 4.08739729e-03, -2.39443700e-02,  2.60377266e-01,\n",
       "         -8.35861489e-01,  4.69774336e-01, -6.59540804e-15,\n",
       "          2.11887162e-15,  1.16320200e-16,  1.60197258e-15,\n",
       "         -5.35621786e-01],\n",
       "        [-9.94616801e-01, -4.11745285e-04, -2.31358838e-01,\n",
       "         -1.13805665e-01, -3.57496183e-02,  4.16662631e-16,\n",
       "         -3.20819723e-16,  1.13370831e-17,  3.18973644e-16,\n",
       "         -8.94505780e-02],\n",
       "        [-2.29136045e-02,  4.52656685e-03,  8.56326970e-01,\n",
       "          5.26016124e-01,  1.95619879e-01, -2.11466714e-15,\n",
       "          1.58582477e-15, -7.57151222e-17, -1.59393037e-15,\n",
       "          5.47149817e-01],\n",
       "        [ 1.95513480e-16,  1.36300798e-16,  4.31652640e-16,\n",
       "         -1.35768727e-16,  5.90474289e-15,  3.24477320e-01,\n",
       "         -2.83763216e-01,  9.09600768e-01, -6.83576534e-02,\n",
       "          3.62632664e-17],\n",
       "        [ 9.53885212e-17, -8.64926866e-17,  4.99162153e-16,\n",
       "         -2.35939975e-16,  1.10679746e-14,  6.37614403e-01,\n",
       "         -5.57609124e-01, -5.46522152e-01,  4.10718341e-02,\n",
       "          5.80696550e-17],\n",
       "        [ 4.33209521e-03, -4.03867285e-03,  1.40609932e-01,\n",
       "          2.80813729e-03, -6.21223075e-01,  7.79323462e-15,\n",
       "         -3.13963095e-15,  5.48965518e-18,  8.54999740e-16,\n",
       "         -9.42225315e-01],\n",
       "        [ 3.27494697e-03, -2.43716562e-03, -1.12151517e-01,\n",
       "          3.80036093e-01,  5.77522738e-01, -7.13475173e-15,\n",
       "          3.10822854e-15, -2.18065075e-17,  1.08915910e-15,\n",
       "         -8.51706877e-01],\n",
       "        [ 3.24277136e-17,  8.57225053e-17,  4.31221606e-16,\n",
       "          5.76432201e-16,  1.42373256e-15,  2.83763216e-01,\n",
       "          3.24477320e-01,  6.83576534e-02,  9.09600768e-01,\n",
       "          1.13347702e-15],\n",
       "        [-8.07102227e-18, -8.35101446e-17, -5.78636404e-16,\n",
       "         -1.27692389e-15,  4.12157686e-15,  5.57609124e-01,\n",
       "          6.37614403e-01, -4.10718341e-02, -5.46522152e-01,\n",
       "         -7.21715942e-16]]),\n",
       " 'C_beta': array([[-5.21046950e-04, -9.93965299e-01, -9.13947823e-02,\n",
       "          2.27855449e-01, -1.08793929e-01,  1.53969478e-15,\n",
       "         -4.70603833e-16, -3.17724855e-17, -3.46194152e-16,\n",
       "          1.04858462e-01],\n",
       "        [ 4.08739729e-03, -2.39443700e-02,  2.60377266e-01,\n",
       "         -8.35861489e-01,  4.69774336e-01, -6.59540804e-15,\n",
       "          2.11887162e-15,  1.16320200e-16,  1.60197258e-15,\n",
       "         -5.35621786e-01],\n",
       "        [-9.94616801e-01, -4.11745285e-04, -2.31358838e-01,\n",
       "         -1.13805665e-01, -3.57496183e-02,  4.16662631e-16,\n",
       "         -3.20819723e-16,  1.13370831e-17,  3.18973644e-16,\n",
       "         -8.94505780e-02],\n",
       "        [-2.29136045e-02,  4.52656685e-03,  8.56326970e-01,\n",
       "          5.26016124e-01,  1.95619879e-01, -2.11466714e-15,\n",
       "          1.58582477e-15, -7.57151222e-17, -1.59393037e-15,\n",
       "          5.47149817e-01],\n",
       "        [ 1.95513480e-16,  1.36300798e-16,  4.31652640e-16,\n",
       "         -1.35768727e-16,  5.90474289e-15,  3.24477320e-01,\n",
       "         -2.83763216e-01,  9.09600768e-01, -6.83576534e-02,\n",
       "          3.62632664e-17],\n",
       "        [ 9.53885212e-17, -8.64926866e-17,  4.99162153e-16,\n",
       "         -2.35939975e-16,  1.10679746e-14,  6.37614403e-01,\n",
       "         -5.57609124e-01, -5.46522152e-01,  4.10718341e-02,\n",
       "          5.80696550e-17],\n",
       "        [ 4.33209521e-03, -4.03867285e-03,  1.40609932e-01,\n",
       "          2.80813729e-03, -6.21223075e-01,  7.79323462e-15,\n",
       "         -3.13963095e-15,  5.48965518e-18,  8.54999740e-16,\n",
       "         -9.42225315e-01],\n",
       "        [ 3.27494697e-03, -2.43716562e-03, -1.12151517e-01,\n",
       "          3.80036093e-01,  5.77522738e-01, -7.13475173e-15,\n",
       "          3.10822854e-15, -2.18065075e-17,  1.08915910e-15,\n",
       "         -8.51706877e-01],\n",
       "        [ 3.24277136e-17,  8.57225053e-17,  4.31221606e-16,\n",
       "          5.76432201e-16,  1.42373256e-15,  2.83763216e-01,\n",
       "          3.24477320e-01,  6.83576534e-02,  9.09600768e-01,\n",
       "          1.13347702e-15],\n",
       "        [-8.07102227e-18, -8.35101446e-17, -5.78636404e-16,\n",
       "         -1.27692389e-15,  4.12157686e-15,  5.57609124e-01,\n",
       "          6.37614403e-01, -4.10718341e-02, -5.46522152e-01,\n",
       "         -7.21715942e-16]]),\n",
       " 'E_alpha': array([-20.28598726, -11.09654812,  -1.24351945,  -0.67270616,\n",
       "         -0.4055422 ,  -0.39038723,  -0.39038723,   0.21340101,\n",
       "          0.21340101,   0.62001382]),\n",
       " 'E_beta': array([-20.28598726, -11.09654812,  -1.24351945,  -0.67270616,\n",
       "         -0.4055422 ,  -0.39038723,  -0.39038723,   0.21340101,\n",
       "          0.21340101,   0.62001382]),\n",
       " 'D_alpha': array([[ 1.06007452e+00, -2.41563571e-01,  3.05937331e-05,\n",
       "          1.58222569e-02, -2.15230663e-16,  2.65561149e-17,\n",
       "          5.93861778e-02,  3.64331423e-02,  1.36024736e-16,\n",
       "         -4.49777928e-17],\n",
       "        [-2.41563571e-01,  9.87738716e-01,  1.40354026e-02,\n",
       "         -1.25013390e-01,  2.55990410e-16,  1.42265652e-16,\n",
       "         -2.57455832e-01, -7.54821372e-02, -8.86632599e-16,\n",
       "          5.28208752e-16],\n",
       "        [ 3.05937331e-05,  1.40354026e-02,  1.05701943e+00,\n",
       "         -2.42187371e-01, -2.63790410e-16, -1.34587451e-16,\n",
       "         -1.49495562e-02, -4.12055468e-02, -2.34419715e-16,\n",
       "          1.67686586e-16],\n",
       "        [ 1.58222569e-02, -1.25013390e-01, -2.42187371e-01,\n",
       "          1.04880150e+00,  3.13281139e-16,  2.33263845e-16,\n",
       "          2.44074267e-04,  2.16755599e-01,  8.65134128e-16,\n",
       "         -5.29128203e-16],\n",
       "        [-2.15230663e-16,  2.55990410e-16, -2.63790410e-16,\n",
       "          3.13281139e-16,  1.85807094e-01,  3.65120371e-01,\n",
       "         -1.87912978e-16,  1.13357828e-16,  3.99117364e-16,\n",
       "          3.44499888e-16],\n",
       "        [ 2.65561149e-17,  1.42265652e-16, -1.34587451e-16,\n",
       "          2.33263845e-16,  3.65120371e-01,  7.17480062e-01,\n",
       "         -8.56285905e-17, -3.55143474e-17,  5.46394852e-16,\n",
       "          2.28502627e-16],\n",
       "        [ 5.93861778e-02, -2.57455832e-01, -1.49495562e-02,\n",
       "          2.44074267e-04, -1.87912978e-16, -8.56285905e-17,\n",
       "          4.05732226e-01, -3.73448845e-01,  3.70285785e-16,\n",
       "         -3.01359338e-16],\n",
       "        [ 3.64331423e-02, -7.54821372e-02, -4.12055468e-02,\n",
       "          2.16755599e-01,  1.13357828e-16, -3.55143474e-17,\n",
       "         -3.73448845e-01,  4.90554573e-01, -2.31923453e-17,\n",
       "         -3.64521405e-17],\n",
       "        [ 1.36024736e-16, -8.86632599e-16, -2.34419715e-16,\n",
       "          8.65134128e-16,  3.99117364e-16,  5.46394852e-16,\n",
       "          3.70285785e-16, -2.31923453e-17,  1.85807094e-01,\n",
       "          3.65120371e-01],\n",
       "        [-4.49777928e-17,  5.28208752e-16,  1.67686586e-16,\n",
       "         -5.29128203e-16,  3.44499888e-16,  2.28502627e-16,\n",
       "         -3.01359338e-16, -3.64521405e-17,  3.65120371e-01,\n",
       "          7.17480062e-01]]),\n",
       " 'D_beta': array([[ 1.06007452e+00, -2.41563571e-01,  3.05937331e-05,\n",
       "          1.58222569e-02, -2.15230663e-16,  2.65561149e-17,\n",
       "          5.93861778e-02,  3.64331423e-02,  1.36024736e-16,\n",
       "         -4.49777928e-17],\n",
       "        [-2.41563571e-01,  9.87738716e-01,  1.40354026e-02,\n",
       "         -1.25013390e-01,  2.55990410e-16,  1.42265652e-16,\n",
       "         -2.57455832e-01, -7.54821372e-02, -8.86632599e-16,\n",
       "          5.28208752e-16],\n",
       "        [ 3.05937331e-05,  1.40354026e-02,  1.05701943e+00,\n",
       "         -2.42187371e-01, -2.63790410e-16, -1.34587451e-16,\n",
       "         -1.49495562e-02, -4.12055468e-02, -2.34419715e-16,\n",
       "          1.67686586e-16],\n",
       "        [ 1.58222569e-02, -1.25013390e-01, -2.42187371e-01,\n",
       "          1.04880150e+00,  3.13281139e-16,  2.33263845e-16,\n",
       "          2.44074267e-04,  2.16755599e-01,  8.65134128e-16,\n",
       "         -5.29128203e-16],\n",
       "        [-2.15230663e-16,  2.55990410e-16, -2.63790410e-16,\n",
       "          3.13281139e-16,  1.85807094e-01,  3.65120371e-01,\n",
       "         -1.87912978e-16,  1.13357828e-16,  3.99117364e-16,\n",
       "          3.44499888e-16],\n",
       "        [ 2.65561149e-17,  1.42265652e-16, -1.34587451e-16,\n",
       "          2.33263845e-16,  3.65120371e-01,  7.17480062e-01,\n",
       "         -8.56285905e-17, -3.55143474e-17,  5.46394852e-16,\n",
       "          2.28502627e-16],\n",
       "        [ 5.93861778e-02, -2.57455832e-01, -1.49495562e-02,\n",
       "          2.44074267e-04, -1.87912978e-16, -8.56285905e-17,\n",
       "          4.05732226e-01, -3.73448845e-01,  3.70285785e-16,\n",
       "         -3.01359338e-16],\n",
       "        [ 3.64331423e-02, -7.54821372e-02, -4.12055468e-02,\n",
       "          2.16755599e-01,  1.13357828e-16, -3.55143474e-17,\n",
       "         -3.73448845e-01,  4.90554573e-01, -2.31923453e-17,\n",
       "         -3.64521405e-17],\n",
       "        [ 1.36024736e-16, -8.86632599e-16, -2.34419715e-16,\n",
       "          8.65134128e-16,  3.99117364e-16,  5.46394852e-16,\n",
       "          3.70285785e-16, -2.31923453e-17,  1.85807094e-01,\n",
       "          3.65120371e-01],\n",
       "        [-4.49777928e-17,  5.28208752e-16,  1.67686586e-16,\n",
       "         -5.29128203e-16,  3.44499888e-16,  2.28502627e-16,\n",
       "         -3.01359338e-16, -3.64521405e-17,  3.65120371e-01,\n",
       "          7.17480062e-01]]),\n",
       " 'F_alpha': array([[-1.10915074e+01, -2.97069717e+00, -2.26336802e-04,\n",
       "         -2.14523523e-01,  1.39215095e-16, -1.30726853e-17,\n",
       "         -2.05196292e-02,  3.82220606e-01, -2.13068837e-17,\n",
       "         -2.35122088e-17],\n",
       "        [-2.97069717e+00, -1.50543942e+00, -4.90229454e-01,\n",
       "         -6.06817186e-01, -3.24673214e-17, -7.41118298e-17,\n",
       "         -1.09235641e-01,  4.78906257e-01,  4.56984509e-17,\n",
       "         -1.21175585e-16],\n",
       "        [-2.26336802e-04, -4.90229454e-01, -2.02779875e+01,\n",
       "         -5.16754147e+00,  7.26605725e-17,  1.25098859e-16,\n",
       "         -8.12312394e-01,  2.13322615e-02,  7.79598055e-18,\n",
       "         -9.56585456e-17],\n",
       "        [-2.14523523e-01, -6.06817186e-01, -5.16754147e+00,\n",
       "         -2.42805788e+00, -7.75438738e-17, -4.21096061e-17,\n",
       "         -7.35075391e-01,  9.80101884e-02, -2.47635770e-16,\n",
       "          3.54253557e-17],\n",
       "        [ 1.39215095e-16, -3.24673214e-17,  7.26605725e-17,\n",
       "         -7.75438738e-17,  3.52202907e-02, -2.68291273e-01,\n",
       "          7.65289440e-17, -3.42611336e-17, -2.42528662e-16,\n",
       "         -1.54247653e-16],\n",
       "        [-1.30726853e-17, -7.41118298e-17,  1.25098859e-16,\n",
       "         -4.21096061e-17, -2.68291273e-01, -2.80166795e-01,\n",
       "          3.51200760e-18,  1.71919900e-17, -2.19093863e-16,\n",
       "         -2.02954800e-16],\n",
       "        [-2.05196292e-02, -1.09235641e-01, -8.12312394e-01,\n",
       "         -7.35075391e-01,  7.65289440e-17,  3.51200760e-18,\n",
       "         -3.36099748e-01,  4.28419154e-01, -2.99197819e-16,\n",
       "          5.58687165e-17],\n",
       "        [ 3.82220606e-01,  4.78906257e-01,  2.13322615e-02,\n",
       "          9.80101884e-02, -3.42611336e-17,  1.71919900e-17,\n",
       "          4.28419154e-01, -3.38009468e-01,  5.80437457e-17,\n",
       "          6.16569059e-17],\n",
       "        [-2.13068837e-17,  4.56984509e-17,  7.79598055e-18,\n",
       "         -2.47635770e-16, -2.42528662e-16, -2.19093863e-16,\n",
       "         -2.99197819e-16,  5.80437457e-17,  3.52202907e-02,\n",
       "         -2.68291273e-01],\n",
       "        [-2.35122088e-17, -1.21175585e-16, -9.56585456e-17,\n",
       "          3.54253557e-17, -1.54247653e-16, -2.02954800e-16,\n",
       "          5.58687165e-17,  6.16569059e-17, -2.68291273e-01,\n",
       "         -2.80166795e-01]]),\n",
       " 'F_beta': array([[-1.10915074e+01, -2.97069717e+00, -2.26336802e-04,\n",
       "         -2.14523523e-01,  1.39215095e-16, -1.30726853e-17,\n",
       "         -2.05196292e-02,  3.82220606e-01, -2.13068837e-17,\n",
       "         -2.35122088e-17],\n",
       "        [-2.97069717e+00, -1.50543942e+00, -4.90229454e-01,\n",
       "         -6.06817186e-01, -3.24673214e-17, -7.41118298e-17,\n",
       "         -1.09235641e-01,  4.78906257e-01,  4.56984509e-17,\n",
       "         -1.21175585e-16],\n",
       "        [-2.26336802e-04, -4.90229454e-01, -2.02779875e+01,\n",
       "         -5.16754147e+00,  7.26605725e-17,  1.25098859e-16,\n",
       "         -8.12312394e-01,  2.13322615e-02,  7.79598055e-18,\n",
       "         -9.56585456e-17],\n",
       "        [-2.14523523e-01, -6.06817186e-01, -5.16754147e+00,\n",
       "         -2.42805788e+00, -7.75438738e-17, -4.21096061e-17,\n",
       "         -7.35075391e-01,  9.80101884e-02, -2.47635770e-16,\n",
       "          3.54253557e-17],\n",
       "        [ 1.39215095e-16, -3.24673214e-17,  7.26605725e-17,\n",
       "         -7.75438738e-17,  3.52202907e-02, -2.68291273e-01,\n",
       "          7.65289440e-17, -3.42611336e-17, -2.42528662e-16,\n",
       "         -1.54247653e-16],\n",
